Meilleurs paramètres (LR, Epochs, Cycles, NoiseC, NoiseA | Score) :
(0.2, 800, 100, 1.0, 0.6, -299.60992431640625)
(0.2, 800, 100, 1.0, 0.8, -298.07965087890625)
(0.2, 800, 100, 3.0, 0.8, -296.4919128417969)
(0.2, 800, 100, 3.0, 0.6, -294.1317443847656)
(0.2, 800, 100, 1.0, 0.3, -287.07257080078125)
(0.2, 800, 100, 2.0, 0.3, -286.8987731933594)
(0.2, 800, 50, 2.0, 0.8, -286.11553955078125)
(0.3, 800, 100, 1.0, 0.3, -283.056396484375)
(0.2, 800, 50, 2.0, 0.6, -281.10540771484375)
(0.1, 800, 100, 2.0, 0.8, -280.07110595703125)